1 3077
1 2667
1 2501
1 1827
1 1605
1 1487
1 972
1 2947
1 2849
1 2838
2 2786
2 1272
2 3144
2 3129
2 3078
2 2971
2 2939
2 2688
2 2684
2 2572
3 2971
3 2939
3 2652
3 2423
3 2252
3 2061
3 1787
3 1350
3 1223
3 637
4 2931
4 2851
4 2342
4 2060
4 2314
4 1665
4 616
4 2470
4 2233
4 1135
5 2786
5 2314
5 3127
5 2247
5 1978
5 2003
5 2002
5 1829
5 1671
5 1366
6 1664
6 3148
6 2931
6 2828
6 2572
6 2305
6 1770
6 1381
6 1145
6 1046
7 2912
7 2317
7 2402
7 2344
7 2111
7 1665
7 1601
7 1350
7 2838
7 2829
8 2541
8 2951
8 2371
8 2202
8 3087
8 3032
8 2849
8 2833
8 2632
8 2625
9 2849
9 3127
9 3087
9 3070
9 2988
9 2371
9 2046
9 1844
9 1811
9 1034
10 2895
10 2785
10 2060
10 1747
10 1471
10 1262
10 3194
10 2433
10 1603
10 3184
11 2699
11 2906
11 2717
11 2091
11 724
11 3171
11 3150
11 3148
11 3127
11 3080
12 3127
12 3202
12 3196
12 3137
12 3131
12 3124
12 3112
12 3105
12 3090
12 3089
13 3005
13 2856
13 2748
13 2722
13 2716
13 2598
13 2559
13 2314
13 1886
13 1542
14 3054
14 2812
14 2716
14 2314
14 1886
14 1752
14 3147
14 3114
14 3087
14 3085
15 3125
15 3054
15 2944
15 2907
15 2146
15 1223
15 3069
15 3057
15 3024
15 2929
16 2421
16 2378
16 2003
16 2002
16 2376
16 2092
16 1962
16 1665
16 1135
16 1003
17 1223
17 2491
17 2253
17 1134
17 3150
17 3099
17 3080
17 3054
17 3053
17 3005
18 2138
18 3005
18 1135
18 3027
18 2968
18 2651
18 2541
18 2433
18 2202
18 1788
19 3175
19 3156
19 3075
19 2973
19 2838
19 2785
19 2714
19 2692
19 2570
19 2557
20 2986
20 2695
20 1961
20 2883
20 2769
20 2722
20 2568
20 2524
20 2289
20 2145
21 2189
21 3067
21 3027
21 2931
21 2787
21 2771
21 2702
21 2598
21 2263
21 2081
22 2692
22 2913
22 2402
22 1978
22 1915
22 2924
22 2004
22 1824
22 1664
22 616
23 3165
23 3138
23 3131
23 3072
23 3067
23 3032
23 2936
23 2924
23 2862
23 2828
24 3165
24 3153
24 3138
24 3120
24 3059
24 3030
24 3020
24 2931
24 2753
24 2535
25 3048
25 2741
25 2318
25 3136
25 3072
25 3028
25 2988
25 2984
25 2951
25 2894
26 3128
26 3105
26 2541
26 2376
26 2320
26 1108
26 964
26 3131
26 3048
26 2869
27 2582
27 2378
27 2297
27 1960
27 1752
27 3080
27 3067
27 3050
27 3049
27 3006
28 2289
28 2401
28 616
28 3032
28 2274
28 2060
28 2046
28 1928
28 1846
28 1844
29 2927
29 3037
29 2200
29 3131
29 3124
29 3021
29 2925
29 2916
29 2784
29 2750
30 3142
30 2876
30 1470
30 2786
30 2572
30 2519
30 2341
30 1926
30 1828
30 1651
31 2893
31 2233
31 1665
31 2931
31 2421
31 2254
31 2188
31 1108
31 3066
31 2829
32 2177
32 3139
32 2484
32 2289
32 3018
32 2883
32 2568
32 2402
32 1847
32 1824
33 1665
33 1423
33 2695
33 1143
33 3112
33 2957
33 2954
33 2850
33 2697
33 1135
34 2194
34 2931
34 2808
34 2749
34 2722
34 2254
34 1844
34 1623
34 1381
34 3183
35 2645
35 2402
35 3175
35 2712
35 2437
35 2289
35 2166
35 2144
35 1824
35 1393
36 2112
36 1768
36 1265
36 2836
36 2794
36 2698
36 2110
36 1350
36 1012
36 2986
37 2060
37 2265
37 2233
37 3142
37 2850
37 2003
37 1844
37 1626
37 2957
37 2912
38 2931
38 2402
38 2002
38 2470
38 2060
38 1824
38 1698
38 616
38 3105
38 3069
39 2940
39 2931
39 2651
39 2178
39 1602
39 2254
39 2082
39 1614
39 3105
39 2956
40 2060
40 2002
40 616
40 1485
40 2940
40 2265
40 2184
40 2051
40 1588
40 2956
41 1951
41 3128
41 3082
41 3072
41 2849
41 2829
41 2297
41 3148
41 3137
41 3131
42 462
42 3048
42 2894
42 2402
42 1411
42 3176
42 3132
42 3072
42 3058
42 2984
43 3052
43 3098
43 2924
43 2841
43 2828
43 2692
43 1528
43 3125
43 3046
43 2847
44 2523
44 2829
44 1325
44 1135
44 1002
44 533
44 464
44 3078
44 3069
44 3047
45 3002
45 2451
45 2988
45 2631
45 2372
45 2344
45 2188
45 2849
45 2812
45 2314
46 2631
46 1665
46 1652
46 1457
46 2990
46 2812
46 2568
46 2451
46 1680
46 1032
47 2451
47 2314
47 2372
47 1699
47 1032
47 2990
47 2722
47 2598
47 1908
47 1711
48 2314
48 2695
48 2186
48 1135
48 1066
48 409
48 3138
48 3125
48 2887
48 2692
49 2631
49 2402
49 616
49 409
49 3012
49 2999
49 2990
49 2795
49 2561
49 2519
50 1680
50 3156
50 3096
50 3075
50 3012
50 2990
50 2973
50 2865
50 2846
50 2838
51 3153
51 3075
51 2973
51 2838
51 2714
51 2570
51 1613
51 3175
51 3156
51 3152
52 2721
52 3072
52 3070
52 3048
52 2890
52 2882
52 2862
52 2859
52 2829
52 2798
53 2986
53 2210
53 1194
53 1186
53 2957
53 2851
53 2806
53 2795
53 2769
53 2739
54 2470
54 3031
54 2931
54 2958
54 2945
54 3087
54 2941
54 2940
54 2887
54 2851
55 1665
55 2998
55 2921
55 2838
55 2786
55 2051
55 1846
55 1739
55 1588
55 1455
56 1665
56 2931
56 2051
56 2998
56 2705
56 2645
56 2470
56 2061
56 1856
56 1781
57 3077
57 3140
57 3031
57 2700
57 1155
57 3103
57 2217
57 2210
57 3067
57 3052
58 2849
58 3138
58 2314
58 1768
58 1433
58 3142
58 2951
58 2851
58 2753
58 2402
59 1700
59 1456
59 3087
59 2931
59 2753
59 2484
59 2905
59 2470
59 2265
59 2127
60 3142
60 1572
60 3087
60 3026
60 585
60 3202
60 2849
60 2828
60 2421
60 2342
61 2711
61 2451
61 2722
61 2631
61 1272
61 1236
61 3134
61 3072
61 3002
61 2828
62 2979
62 2515
62 2092
62 1856
62 1172
62 3182
62 3175
62 3163
62 3096
62 3045
63 2973
63 2289
63 2195
63 2060
63 3075
63 2785
63 2692
63 2570
63 2557
63 2402
64 2232
64 2002
64 1665
64 3142
64 2622
64 2484
64 2358
64 2178
64 2177
64 2060
