1 2629
1 3025
1 2947
1 2500
1 2424
1 2319
1 2219
1 1854
1 1844
1 1827
2 3078
2 2863
2 2434
2 3204
2 3202
2 3201
2 3199
2 3189
2 3160
2 3127
3 3030
3 2939
3 2886
3 2629
3 1988
3 1788
3 1496
3 1350
3 1223
3 1154
4 2931
4 3128
4 2939
4 3043
4 2851
4 2377
4 1135
4 3120
4 3049
4 2438
5 1978
5 3011
5 2035
5 1671
5 3147
5 3087
5 2887
5 2873
5 2786
5 2629
6 2828
6 2826
6 695
6 2931
6 2873
6 2721
6 2230
6 1867
6 1664
6 1623
7 3043
7 2912
7 2317
7 2111
7 1145
7 3128
7 2402
7 2314
7 1948
7 1623
8 2951
8 2541
8 3032
8 2625
8 2358
8 1877
8 2849
8 2776
8 2632
8 2500
9 2849
9 3137
9 3068
9 2951
9 2372
9 2358
9 1928
9 1846
9 3182
9 3177
10 2785
10 2514
10 3077
10 3075
10 2931
10 2895
10 2851
10 2842
10 2289
10 2266
11 3171
11 3150
11 3148
11 3077
11 2956
11 2906
11 2699
11 2198
11 2003
11 1923
12 3137
12 3127
12 3105
12 3068
12 3050
12 3026
12 3025
12 3006
12 3002
12 2972
13 1947
13 3080
13 3054
13 3053
13 3005
13 2944
13 2929
13 2897
13 2858
13 2856
14 3131
14 2931
14 2890
14 2819
14 2812
14 2716
14 2674
14 2314
14 2289
14 3164
15 3125
15 3054
15 2923
15 2897
15 2716
15 2195
15 2188
15 1947
15 1807
15 1223
16 2740
16 2629
16 2582
16 2378
16 2184
16 1135
16 243
16 3157
16 3148
16 3134
17 1223
17 2253
17 3150
17 3080
17 3054
17 3053
17 3005
17 2968
17 2929
17 2897
18 2138
18 1988
18 1852
18 1665
18 1223
18 3175
18 3156
18 3150
18 3148
18 3127
19 3075
19 2973
19 2838
19 2692
19 2570
19 2557
19 2433
19 2289
19 1957
19 1601
20 2695
20 2986
20 2524
20 3164
20 3152
20 3124
20 3094
20 3018
20 2905
20 2883
21 2931
21 2325
21 2189
21 3184
21 3166
21 3165
21 3163
21 3153
21 3150
21 3134
22 2913
22 2751
22 2924
22 2692
22 2967
22 2828
22 2827
22 2687
22 2674
22 2638
23 2081
23 3166
23 3148
23 3124
23 3032
23 2963
23 2883
23 2855
23 2849
23 2838
24 3120
24 2931
24 1410
24 1194
24 942
24 20
24 3184
24 3165
24 3141
24 3140
25 2951
25 2812
25 2634
25 2318
25 2268
25 3136
25 3072
25 3028
25 2990
25 2988
26 3105
26 3128
26 3050
26 2849
26 2840
26 2632
26 2541
26 2320
26 2314
26 2080
27 3050
27 3006
27 3000
27 2988
27 2864
27 2740
27 2622
27 2582
27 2406
27 2358
28 3032
28 1846
28 2951
28 2949
28 2890
28 2776
28 2274
28 3158
28 3133
28 3040
29 3021
29 2524
29 2276
29 2167
29 942
29 3164
29 3163
29 3152
29 3134
29 3131
30 1457
30 3142
30 3134
30 3128
30 3112
30 3089
30 3088
30 3087
30 3006
30 2988
31 2370
31 1686
31 3047
31 2188
31 1144
31 2893
31 2829
31 2421
31 1929
31 1543
32 3018
32 2883
32 1145
32 3164
32 3139
32 2524
32 2484
32 2289
32 1504
32 3156
33 1143
33 3016
33 2697
33 1423
33 3153
33 2820
33 2695
33 2544
33 2447
33 2325
34 1999
34 1620
34 1567
34 1524
34 1046
34 3130
34 3058
34 3057
34 3018
34 2999
35 3175
35 3071
35 2645
35 1386
35 2931
35 2836
35 2437
35 2164
35 1474
35 1397
36 2110
36 1350
36 1265
36 1012
36 2836
36 2794
36 2739
36 2703
36 2698
36 2546
37 3142
37 3103
37 2233
37 3105
37 3031
37 2957
37 2956
37 2941
37 2632
37 2651
38 2941
38 3105
38 3103
38 3031
38 2931
38 2705
38 2582
38 2233
38 2082
38 670
39 2940
39 2931
39 1861
39 3105
39 3103
39 2957
39 2651
39 2254
39 1902
39 1614
40 1470
40 1324
40 3105
40 2957
40 2956
40 2941
40 2931
40 2254
40 2051
40 1588
41 3128
41 3153
41 3148
41 2080
41 1747
41 3137
41 3072
41 3043
41 3006
41 2849
42 462
42 2894
42 2402
42 2215
42 1726
42 3072
42 2991
42 2951
42 2849
42 2829
43 3107
43 3098
43 3052
43 3046
43 2847
43 2829
43 2569
43 2341
43 3125
43 2883
44 2523
44 2829
44 2325
44 1002
44 3176
44 3078
44 3032
44 3026
44 3022
44 2988
45 1194
45 3002
45 2951
45 2816
45 2812
45 2765
45 2645
45 2452
45 2319
45 2114
46 2990
46 1032
46 2711
46 1457
46 2669
46 2631
46 2568
46 2542
46 2451
46 2265
47 2451
47 1680
47 1194
47 1032
47 3012
47 2990
47 2711
47 2645
47 2516
47 2307
48 1433
48 3032
48 2646
48 2314
48 2522
48 2433
48 2325
48 2273
48 2053
48 1066
49 3134
49 3012
49 2990
49 1514
49 1032
49 3177
49 3090
49 2985
49 2846
49 2795
50 1680
50 3156
50 3134
50 3096
50 3075
50 3012
50 2990
50 2865
50 2846
50 2795
51 3075
51 2570
51 3156
51 3153
51 3152
51 3006
51 2973
51 2838
51 2723
51 2714
52 2721
52 3070
52 3051
52 3048
52 3042
52 2970
52 2967
52 2955
52 2951
52 2936
53 2210
53 2769
53 2229
53 1609
53 1567
53 1186
53 1066
53 679
53 569
53 514
54 2931
54 3105
54 3077
54 3031
54 2958
54 2842
54 2470
54 1902
54 3198
54 3188
55 2921
55 1665
55 2650
55 2051
55 1453
55 2838
55 1993
55 1906
55 1898
55 1896
56 2931
56 2645
56 2470
56 2327
56 1665
56 1453
56 3077
56 2998
56 2921
56 2842
57 3077
57 3140
57 2850
57 2705
57 1705
57 2922
57 2802
57 2700
57 1764
57 1469
58 1695
58 3049
58 2849
58 2167
58 1698
58 1474
58 1344
58 1171
58 3138
58 3087
59 1456
59 1700
59 3087
59 2753
59 144
59 2795
59 2307
59 2127
59 1703
59 1681
60 2812
60 1572
60 1518
60 3142
60 3136
60 3092
60 3087
60 3026
60 3025
60 2988
61 2711
61 2307
61 1236
61 2451
61 1935
61 1194
61 3134
61 2990
61 2753
61 2631
62 2720
62 1961
62 3175
62 3163
62 3096
62 3086
62 2932
62 2931
62 2924
62 2809
63 3075
63 2289
63 2973
63 2884
63 2838
63 2692
63 2570
63 2557
63 2433
63 2232
64 2651
64 3164
64 3112
64 3106
64 3095
64 3074
64 3032
64 3030
64 3008
64 2998
