1 1938
1 2371
1 190
1 2319
1 1657
1 2379
1 1071
1 2796
1 1440
1 294
2 3059
2 335
2 1364
2 727
2 204
2 47
2 526
2 2100
2 648
2 2434
3 929
3 2603
3 1466
3 249
3 2316
3 1138
3 2551
3 62
3 1304
3 463
4 3059
4 2377
4 2342
4 1943
4 1727
4 3043
4 2714
4 2844
4 2895
4 2939
5 1188
5 1435
5 2003
5 3059
5 2357
5 3137
5 1895
5 1742
5 371
5 2629
6 2826
6 438
6 3035
6 1867
6 2721
6 3198
6 1014
6 1543
6 2828
6 1727
7 371
7 3043
7 2007
7 1952
7 1796
7 1660
7 3059
7 3170
7 270
7 1553
8 1685
8 1461
8 2776
8 820
8 912
8 2830
8 2625
8 2371
8 666
8 2951
9 1461
9 1685
9 2578
9 3068
9 2776
9 2372
9 820
9 2371
9 25
9 2870
10 1795
10 249
10 1466
10 2316
10 141
10 2603
10 1302
10 2814
10 392
10 1138
11 1903
11 1872
11 1466
11 249
11 2316
11 81
11 2923
11 2603
11 74
11 1138
12 1461
12 3127
12 3068
12 2796
12 2740
12 25
12 1755
12 2319
12 2867
12 1462
13 797
13 31
13 2748
13 1289
13 66
13 2491
13 1362
13 2897
13 1756
13 195
14 1724
14 132
14 3011
14 2563
14 701
14 662
14 2007
14 371
14 307
14 1566
15 2611
15 1231
15 2464
15 2835
15 2344
15 2616
15 307
15 820
15 1961
15 1191
16 1461
16 855
16 2740
16 1076
16 395
16 307
16 1191
16 507
16 412
16 428
17 1757
17 2491
17 31
17 2748
17 797
17 1362
17 2897
17 2117
17 48
17 1756
18 249
18 1795
18 2156
18 2714
18 797
18 31
18 1811
18 1988
18 2316
18 1466
19 2007
19 371
19 1952
19 1796
19 1660
19 141
19 392
19 1342
19 1795
19 1302
20 2172
20 2007
20 371
20 2442
20 2461
20 1481
20 2630
20 1952
20 1796
20 1660
21 371
21 2007
21 3007
21 2325
21 1943
21 876
21 425
21 1659
21 895
21 1952
22 2638
22 2441
22 2384
22 2637
22 2564
22 2473
22 371
22 2751
22 3059
22 1915
23 371
23 2007
23 627
23 793
23 1952
23 1796
23 1660
23 2578
23 1780
23 1105
24 268
24 412
24 2844
24 3043
24 1696
24 293
24 2376
24 2342
24 927
24 20
25 1374
25 1653
25 2318
25 436
25 1177
25 819
25 1128
25 1093
25 742
25 741
26 1461
26 2626
26 2578
26 2844
26 3068
26 2870
26 121
26 2939
26 483
26 1290
27 1461
27 3011
27 155
27 2798
27 3068
27 2481
27 2902
27 2852
27 2918
27 59
28 3032
28 2890
28 1685
28 2776
28 2949
28 3059
28 2849
28 2371
28 2197
28 383
29 1539
29 1538
29 1537
29 2462
29 2089
29 1840
29 371
29 1094
29 1841
29 804
30 195
30 1461
30 1256
30 2909
30 953
30 25
30 2876
30 2690
30 2583
30 248
31 3047
31 1144
31 1952
31 1796
31 1660
31 195
31 1327
31 3059
31 1492
31 1588
32 2172
32 2630
32 2461
32 1481
32 3139
32 2790
32 2430
32 1563
32 2177
32 2619
33 2043
33 1954
33 2554
33 2548
33 1404
33 2805
33 1559
33 1501
33 1174
33 1353
34 1644
34 1949
34 1524
34 262
34 341
34 340
34 1803
34 5
34 1867
34 2757
35 371
35 3007
35 2090
35 2414
35 2714
35 1397
35 1474
35 1020
35 341
35 340
36 1131
36 2476
36 2061
36 1265
36 1737
36 2110
36 2084
36 1350
36 1335
36 1020
37 2265
37 3048
37 1727
37 2956
37 2554
37 2195
37 2208
37 2184
37 2651
37 1455
38 3059
38 1727
38 2714
38 1569
38 452
38 2845
38 1020
38 2470
38 2100
38 648
39 2651
39 2406
39 2603
39 1142
39 2958
39 2425
39 1678
39 2316
39 1466
39 249
40 2316
40 1466
40 1138
40 1588
40 2603
40 249
40 2406
40 1098
40 2814
40 463
41 2578
41 3043
41 371
41 3148
41 3082
41 1780
41 2327
41 3128
41 2714
41 59
42 204
42 1374
42 1653
42 2318
42 436
42 633
42 2231
42 1177
42 819
42 2789
43 2569
43 1404
43 204
43 3098
43 3046
43 633
43 1554
43 2746
43 3100
43 1107
44 2829
44 1404
44 2325
44 1141
44 1732
44 931
44 525
44 633
44 1823
44 2523
45 2318
45 2114
45 1952
45 1796
45 1660
45 1976
45 1267
45 2984
45 2437
45 2359
46 1457
46 329
46 1653
46 723
46 1374
46 2990
46 1032
46 2288
46 1267
46 634
47 2288
47 2848
47 2990
47 2726
47 634
47 3134
47 2318
47 2882
47 798
47 3012
48 2417
48 371
48 1559
48 129
48 1296
48 2325
48 1342
48 2007
48 1104
48 1353
49 651
49 2882
49 18
49 634
49 239
49 3134
49 795
49 652
49 2288
49 1461
50 634
50 2288
50 2714
50 651
50 275
50 1811
50 1457
50 2070
50 2278
50 891
51 371
51 2007
51 2714
51 1811
51 3075
51 3006
51 2872
51 2085
51 2022
51 1952
52 557
52 1366
52 2721
52 3070
52 1329
52 1207
52 757
52 238
52 1208
52 1928
53 569
53 514
53 139
53 2714
53 1817
53 1501
53 2981
53 2031
53 373
53 725
54 2958
54 2814
54 2178
54 3170
54 2842
54 1138
54 2316
54 2295
54 3104
54 2155
55 1355
55 1898
55 1896
55 1993
55 1739
55 2650
55 2921
55 3056
55 3064
55 2316
56 2327
56 2316
56 2842
56 1678
56 2603
56 1366
56 2813
56 2645
56 2061
56 2165
57 1137
57 1106
57 3077
57 437
57 1132
57 196
57 259
57 1246
57 139
57 209
58 1344
58 1816
58 840
58 2098
58 1987
58 1986
58 1944
58 371
58 2418
58 1578
59 28
59 944
59 544
59 344
59 1457
59 510
59 626
59 661
59 1162
59 144
60 1532
60 2876
60 2967
60 2976
60 2882
60 2816
60 2424
60 695
60 2593
60 3025
61 634
61 1287
61 1207
61 2711
61 239
61 2114
61 1457
61 3129
61 2070
61 2437
62 1961
62 1648
62 3007
62 1762
62 2952
62 2790
62 2430
62 2932
62 1368
62 1795
63 371
63 2007
63 1795
63 3061
63 1952
63 1796
63 1660
63 141
63 1302
63 392
64 2651
64 1588
64 2729
64 2513
64 2756
64 3059
64 1895
64 2144
64 627
64 1878
