1 1938
1 2371
1 190
1 1657
1 2379
1 294
1 2319
1 1440
1 2796
1 1071
2 3059
2 1364
2 335
2 526
2 204
2 727
2 626
2 597
2 2352
2 2100
3 929
3 2603
3 2316
3 1138
3 1366
3 2551
3 1466
3 249
3 1098
3 2814
4 3059
4 1727
4 2554
4 2342
4 2916
4 2714
4 2895
4 2377
4 1473
4 2031
5 371
5 1435
5 1188
5 671
5 2003
5 1395
5 1724
5 3059
5 2357
5 3137
6 3035
6 1727
6 2554
6 2264
6 2721
6 2195
6 1305
6 2916
6 2154
6 671
7 371
7 3059
7 3043
7 3170
7 1727
7 1353
7 2264
7 2208
7 2342
7 2554
8 1685
8 2776
8 820
8 1461
8 912
8 2371
8 2625
8 2852
8 2830
8 3068
9 1461
9 1685
9 2578
9 3068
9 2776
9 2372
9 2995
9 820
9 25
9 652
10 249
10 1795
10 1466
10 2316
10 2814
10 2603
10 141
10 1302
10 1138
10 1102
11 1903
11 1872
11 1466
11 249
11 2316
11 81
11 2923
11 2603
11 1138
11 1102
12 1461
12 3068
12 3127
12 25
12 2796
12 2740
12 2690
12 1755
12 2867
12 1462
13 797
13 66
13 31
13 1289
13 1757
13 2748
13 1655
13 1064
13 230
13 1922
14 1724
14 1566
14 86
14 59
14 3011
14 1961
14 2889
14 2876
14 1196
14 2772
15 2611
15 1231
15 2344
15 2835
15 2616
15 2464
15 1961
15 86
15 3080
15 59
16 1461
16 855
16 2740
16 2160
16 3119
16 409
16 59
16 3141
16 371
16 86
17 1757
17 2491
17 1362
17 31
17 2748
17 2746
17 2897
17 86
17 48
17 3080
18 249
18 1795
18 797
18 2714
18 2316
18 1988
18 66
18 2156
18 1811
18 1366
19 2007
19 371
19 1952
19 1796
19 1660
19 141
19 1342
19 392
19 2417
19 1374
20 1952
20 1796
20 1660
20 2007
20 371
20 2172
20 2630
20 2461
20 1481
20 2442
21 371
21 2007
21 2325
21 3007
21 1659
21 1952
21 1796
21 1660
21 1943
21 876
22 371
22 2638
22 2441
22 2384
22 2637
22 2564
22 2473
22 3059
22 2751
22 1659
23 371
23 2007
23 627
23 1952
23 1796
23 1660
23 793
23 3148
23 1105
23 72
24 268
24 412
24 2844
24 3043
24 1696
24 293
24 2376
24 2342
24 927
24 20
25 1374
25 1653
25 2318
25 436
25 1719
25 59
25 86
25 2812
25 1267
25 1128
26 1461
26 2578
26 2626
26 3068
26 2844
26 2840
26 2939
26 652
26 597
26 2867
27 1461
27 3011
27 2798
27 59
27 86
27 155
27 1725
27 3068
27 3000
27 84
28 2776
28 2890
28 1685
28 3032
28 1233
28 3059
28 1727
28 2916
28 2949
28 1353
29 1539
29 1538
29 1537
29 371
29 2462
29 2089
29 1840
29 1933
29 1841
29 804
30 195
30 1461
30 1256
30 25
30 2876
30 2479
30 1912
30 2144
30 2690
30 2729
31 2554
31 1727
31 1961
31 3059
31 1144
31 1233
31 2195
31 1588
31 3013
31 1251
32 2630
32 3139
32 1563
32 2172
32 2619
32 3059
32 1961
32 1727
32 2554
32 2790
33 2554
33 1727
33 1404
33 1473
33 70
33 2746
33 2805
33 1501
33 2916
33 2889
34 1867
34 1644
34 2889
34 1524
34 2291
34 1383
34 2178
34 1305
34 2808
34 1694
35 371
35 2090
35 3007
35 2714
35 2414
35 1397
35 1020
35 1474
35 842
35 2191
36 2061
36 1131
36 2476
36 1265
36 2110
36 1737
36 1162
36 1350
36 1539
36 199
37 2554
37 1727
37 3048
37 2195
37 2889
37 2208
37 2746
37 2264
37 2061
37 2916
38 3059
38 1727
38 2714
38 1569
38 2208
38 2554
38 2195
38 1847
38 1408
38 2876
39 2651
39 2603
39 2406
39 2958
39 1142
39 1678
39 2940
39 2316
39 2956
39 1366
40 2316
40 1588
40 2603
40 1138
40 1466
40 2406
40 1098
40 249
40 1366
40 463
41 371
41 2578
41 59
41 86
41 3148
41 84
41 3043
41 3082
41 3000
41 3128
42 204
42 1374
42 1653
42 2318
42 436
42 633
42 2231
42 1177
42 819
42 1785
43 2569
43 1404
43 2746
43 3046
43 3098
43 3055
43 1366
43 2874
43 633
43 86
44 1404
44 2829
44 2325
44 931
44 525
44 1732
44 1141
44 633
44 1823
44 461
45 2318
45 2114
45 1173
45 2437
45 1976
45 1267
45 2359
45 1233
45 3048
45 2984
46 1457
46 1653
46 329
46 1032
46 2990
46 2842
46 1267
46 3134
46 86
46 723
47 2746
47 2990
47 2848
47 3134
47 1173
47 1961
47 3048
47 3012
47 2726
47 2288
48 2417
48 1559
48 371
48 1353
48 2325
48 1305
48 86
48 1473
48 2889
48 1296
49 2882
49 651
49 2479
49 18
49 3134
49 1473
49 1233
49 634
49 2990
49 239
50 634
50 2288
50 2714
50 1457
50 651
50 275
50 1811
50 2070
50 891
50 2278
51 371
51 2007
51 2714
51 3006
51 1811
51 3075
51 1795
51 1952
51 1796
51 1660
52 1366
52 557
52 2721
52 3070
52 371
52 1329
52 1928
52 238
52 1207
52 757
53 569
53 514
53 139
53 2714
53 1501
53 1124
53 787
53 2031
53 725
53 453
54 2958
54 2178
54 86
54 3170
54 59
54 2842
54 2814
54 2316
54 70
54 1196
55 1355
55 1898
55 1896
55 1993
55 1739
55 2650
55 2921
55 3056
55 2316
55 3064
56 2327
56 2554
56 2842
56 86
56 2316
56 1727
56 671
56 1395
56 2061
56 1366
57 1137
57 1106
57 437
57 3077
57 1246
57 139
57 259
57 2506
57 1132
57 1539
58 371
58 1344
58 1987
58 1986
58 1944
58 2098
58 840
58 1816
58 1366
58 2418
59 28
59 944
59 1457
59 544
59 344
59 3046
59 626
59 1162
59 2476
59 510
60 1532
60 2876
60 2967
60 3025
60 2882
60 2424
60 344
60 695
60 2816
60 2852
61 634
61 1287
61 1207
61 239
61 2711
61 1457
61 2437
61 2746
61 3134
61 2882
62 1762
62 1373
62 1961
62 1795
62 2952
62 3098
62 2932
62 1866
62 249
62 1368
63 371
63 1795
63 2007
63 3061
63 1952
63 1796
63 1660
63 1158
63 2679
63 141
64 2729
64 1588
64 2651
64 2756
64 3059
64 2513
64 371
64 866
64 1895
64 2144
