1 190
1 2371
1 1938
1 294
1 2379
1 1304
1 1657
1 1440
1 197
1 1173
2 3059
2 626
2 526
2 2735
2 204
2 3034
2 2976
2 2352
2 171
2 1931
3 1383
3 1196
3 86
3 2746
3 2154
3 70
3 1366
3 2603
3 1473
3 59
4 2554
4 1727
4 2889
4 2031
4 2916
4 1473
4 2746
4 3048
4 3059
4 2195
5 371
5 671
5 2554
5 1724
5 1395
5 3170
5 1435
5 1727
5 86
5 2889
6 2554
6 2264
6 1727
6 2195
6 1305
6 2154
6 2916
6 2889
6 3048
6 671
7 371
7 86
7 2154
7 2554
7 2264
7 1727
7 1473
7 3048
7 2889
7 59
8 820
8 2852
8 2776
8 1685
8 3034
8 1461
8 1783
8 2166
8 1387
8 912
9 1461
9 2995
9 2578
9 371
9 1928
9 2776
9 1387
9 1685
9 59
9 2882
10 249
10 1795
10 2814
10 1466
10 2316
10 1302
10 2603
10 651
10 1138
10 1102
11 1903
11 1466
11 249
11 2316
11 1872
11 2603
11 2923
11 1138
11 1102
11 81
12 1461
12 3068
12 25
12 2690
12 1996
12 18
12 1912
12 1462
12 1360
12 652
13 797
13 66
13 1757
13 1922
13 1289
13 1655
13 1064
13 230
13 1795
13 1444
14 86
14 2889
14 1724
14 2772
14 1196
14 59
14 1473
14 70
14 1694
14 2031
15 86
15 59
15 2889
15 2874
15 1724
15 84
15 70
15 2344
15 1694
15 1961
16 59
16 1461
16 86
16 371
16 84
16 855
16 2154
16 1196
16 2525
16 1928
17 86
17 59
17 84
17 371
17 3000
17 2746
17 70
17 1366
17 2874
17 1724
18 249
18 1795
18 371
18 1366
18 797
18 66
18 1757
18 651
18 295
18 2316
19 2007
19 371
19 1952
19 1796
19 1660
19 1342
19 2417
19 1374
19 804
19 141
20 1952
20 1796
20 1660
20 2007
20 371
20 1266
20 1961
20 955
20 1373
20 2630
21 371
21 2325
21 2007
21 168
21 409
21 1719
21 2505
21 2504
21 2389
21 2476
22 371
22 3098
22 1659
22 3059
22 1783
22 1847
22 1569
22 1563
22 679
22 2852
23 371
23 2007
23 168
23 409
23 2505
23 855
23 2709
23 2476
23 2325
23 1952
24 412
24 2844
24 3043
24 268
24 293
24 2376
24 927
24 2342
24 20
24 1696
25 86
25 59
25 1653
25 2318
25 84
25 1719
25 1374
25 19
25 13
25 10
26 1461
26 2578
26 2626
26 652
26 597
26 1387
26 3034
26 2840
26 2995
26 3068
27 86
27 59
27 1725
27 1461
27 1196
27 84
27 2798
27 1473
27 3000
27 3068
28 1233
28 1727
28 1353
28 2554
28 2264
28 2889
28 2916
28 2195
28 3048
28 2154
29 1539
29 371
29 1538
29 1537
29 626
29 2462
29 2089
29 1840
29 294
29 1933
30 1461
30 195
30 2479
30 1912
30 25
30 2852
30 2876
30 2144
30 2882
30 2729
31 2554
31 1727
31 2195
31 1961
31 2264
31 671
31 3200
31 2889
31 2479
31 464
32 2554
32 1727
32 2889
32 2916
32 2195
32 1233
32 1961
32 1353
32 2619
32 2264
33 2554
33 1727
33 2746
33 2889
33 1473
33 2916
33 1305
33 3048
33 1395
33 1404
34 2889
34 86
34 1383
34 1196
34 1473
34 2178
34 1725
34 1694
34 1305
34 1632
35 371
35 2714
35 2090
35 2554
35 2191
35 842
35 454
35 442
35 86
35 717
36 1539
36 199
36 2509
36 1863
36 2061
36 2223
36 29
36 1162
36 1559
36 1980
37 2554
37 1727
37 3048
37 2195
37 2746
37 2889
37 1395
37 2061
37 2208
37 2264
38 1727
38 2554
38 2208
38 2195
38 2746
38 1408
38 3059
38 2714
38 2061
38 1847
39 2889
39 2603
39 2746
39 464
39 86
39 2651
39 1182
39 1366
39 2958
39 2154
40 2316
40 2916
40 1588
40 2889
40 1727
40 2264
40 2603
40 2554
40 1877
40 1531
41 371
41 59
41 86
41 84
41 3000
41 1366
41 1719
41 2154
41 1196
41 2874
42 371
42 1653
42 2318
42 1374
42 19
42 13
42 10
42 7
42 4
42 1719
43 86
43 59
43 1404
43 2874
43 1366
43 1724
43 84
43 3055
43 371
43 2746
44 1404
44 2325
44 2494
44 931
44 525
44 2829
44 1732
44 436
44 1473
44 557
45 1173
45 2554
45 86
45 3048
45 1233
45 1961
45 2889
45 671
45 2437
45 3090
46 86
46 2554
46 2842
46 1653
46 371
46 329
46 2154
46 1457
46 671
46 1032
47 2746
47 1961
47 2554
47 3048
47 2889
47 1173
47 1727
47 2990
47 2031
47 1473
48 86
48 2889
48 1305
48 1473
48 2554
48 2746
48 1727
48 2154
48 2916
48 2031
49 1473
49 1727
49 2479
49 1233
49 2916
49 2882
49 2990
49 1951
49 2889
49 2165
50 634
50 1457
50 2288
50 1746
50 2714
50 652
50 626
50 1601
50 2575
50 651
51 371
51 2007
51 2714
51 1795
51 168
51 409
51 3006
51 2505
51 2476
51 2325
52 371
52 1366
52 1928
52 1783
52 3070
52 2147
52 2721
52 3028
52 3122
52 3183
53 2714
53 569
53 514
53 139
53 1124
53 787
53 1501
53 2191
53 1321
53 1283
54 86
54 59
54 70
54 2178
54 1196
54 2889
54 2746
54 1724
54 1473
54 2031
55 1355
55 1898
55 1896
55 70
55 2889
55 1650
55 2316
55 3056
55 1366
55 86
56 2554
56 86
56 1727
56 2746
56 2889
56 1395
56 671
56 3048
56 2154
56 2842
57 1137
57 1539
57 842
57 1106
57 2782
57 956
57 437
57 349
57 218
57 2746
58 371
58 1366
58 1719
58 70
58 3046
58 3000
58 2164
58 3098
58 1455
58 855
59 28
59 1457
59 944
59 3046
59 70
59 1455
59 1650
59 2484
59 2772
59 3134
60 3025
60 2127
60 944
60 1266
60 2876
60 2525
60 2782
60 344
60 1379
60 2424
61 634
61 2746
61 1725
61 1473
61 1233
61 1727
61 3048
61 2889
61 3137
61 2554
62 3098
62 1373
62 371
62 2164
62 1762
62 249
62 3046
62 1866
62 1563
62 3122
63 371
63 1795
63 2007
63 409
63 860
63 2476
63 1719
63 3098
63 168
63 3046
64 371
64 2729
64 866
64 602
64 1588
64 1131
64 3059
64 2456
64 2756
64 1390
