1 1938
1 1071
1 2371
1 1461
1 190
1 2379
1 1959
1 3068
1 1030
1 294
2 740
2 3059
2 626
2 526
2 2735
2 1931
2 204
2 3034
2 1379
2 2976
3 1496
3 2264
3 2652
3 86
3 3080
3 2746
3 2154
3 70
3 2061
3 1305
4 1727
4 2554
4 2264
4 1601
4 2889
4 1395
4 2916
4 2746
4 2195
4 2154
5 371
5 2003
5 671
5 1366
5 2264
5 1395
5 2554
5 1724
5 1727
5 3170
6 2264
6 1727
6 2154
6 2554
6 2195
6 2916
6 2061
6 3035
6 2889
6 1383
7 371
7 2264
7 2554
7 2154
7 2061
7 1727
7 86
7 2031
7 1395
7 2746
8 1685
8 2776
8 820
8 2371
8 2852
8 2951
8 2625
8 1928
8 637
8 1045
9 1685
9 2371
9 2776
9 1461
9 190
9 1719
9 3068
9 1591
9 1680
9 1928
10 1162
10 1496
10 249
10 2406
10 1795
10 1366
10 2814
10 1395
10 1306
10 3184
11 1162
11 2246
11 795
11 2316
11 2906
11 1903
11 1496
11 1466
11 1137
11 249
12 1461
12 190
12 2379
12 2740
12 379
12 3068
12 2796
12 2319
12 1591
12 1755
13 1795
13 797
13 66
13 1757
13 2897
13 2530
13 1922
13 1289
13 2748
13 1655
14 1395
14 2031
14 1724
14 2889
14 86
14 1196
14 1961
14 2772
14 1694
14 70
15 1566
15 86
15 1719
15 59
15 70
15 2889
15 3099
15 2874
15 1724
15 1725
16 86
16 59
16 371
16 1719
16 855
16 1461
16 1570
16 84
16 1724
16 3002
17 86
17 59
17 371
17 1719
17 2491
17 84
17 3080
17 1366
17 2746
17 2264
18 1757
18 1496
18 249
18 1795
18 371
18 1162
18 1455
18 1366
18 2079
18 1149
19 1539
19 371
19 199
19 1559
19 2417
19 2348
19 1560
19 2509
19 2007
19 1863
20 1539
20 371
20 199
20 1961
20 2172
20 1952
20 1796
20 1660
20 1559
20 2461
21 371
21 1539
21 199
21 1559
21 1525
21 2504
21 2417
21 1967
21 1107
21 810
22 371
22 1539
22 1659
22 1847
22 3098
22 3059
22 1525
22 1366
22 2657
22 1931
23 371
23 1539
23 199
23 1559
23 2504
23 2417
23 1778
23 1107
23 711
23 168
24 987
24 1656
24 412
24 394
24 2999
24 528
24 141
24 1588
24 2844
24 1251
25 2318
25 3070
25 3048
25 1719
25 1030
25 1653
25 86
25 1518
25 1366
25 59
26 1461
26 2578
26 3128
26 2626
26 1338
26 438
26 2379
26 1591
26 190
26 2166
27 2798
27 1725
27 86
27 1173
27 59
27 2740
27 3048
27 1461
27 3068
27 2859
28 2776
28 2264
28 1727
28 1233
28 2916
28 1685
28 2554
28 2061
28 2195
28 1353
29 1539
29 371
29 1538
29 1537
29 2462
29 2089
29 1840
29 1377
29 199
29 1933
30 1461
30 190
30 2379
30 2371
30 195
30 2479
30 1938
30 1484
30 1518
30 2984
31 2554
31 1727
31 2195
31 2264
31 1961
31 3200
31 2746
31 1847
31 464
31 1856
32 3139
32 2554
32 1727
32 2619
32 2916
32 1961
32 2264
32 1847
32 1395
32 2630
33 2554
33 1727
33 2746
33 2889
33 1395
33 2264
33 2916
33 1473
33 2061
33 3048
34 2889
34 1725
34 1383
34 2178
34 86
34 1867
34 1727
34 1196
34 2154
34 1694
35 371
35 1539
35 199
35 1559
35 2714
35 2348
35 769
35 2417
35 2191
35 743
36 1539
36 371
36 199
36 2509
36 2061
36 1559
36 1863
36 1162
36 2110
36 2417
37 1727
37 2554
37 2264
37 3048
37 2195
37 1395
37 2746
37 2061
37 2889
37 2208
38 1727
38 2061
38 2746
38 1408
38 2195
38 2208
38 2554
38 1847
38 1856
38 3082
39 2651
39 2178
39 2937
39 1162
39 2406
39 2956
39 464
39 2264
39 2889
39 2958
40 2264
40 1588
40 2937
40 2316
40 2645
40 1305
40 2406
40 1531
40 1162
40 2916
41 371
41 86
41 59
41 1719
41 84
41 1951
41 3082
41 3000
41 3070
41 1366
42 2318
42 371
42 1653
42 2504
42 1107
42 1144
42 1366
42 1719
42 1525
42 2231
43 1404
43 2874
43 1366
43 86
43 2325
43 59
43 1724
43 371
43 19
43 13
44 1404
44 2325
44 931
44 2829
44 2494
44 1106
44 1725
44 2523
44 1473
44 525
45 2437
45 1951
45 2344
45 3048
45 2318
45 1173
45 86
45 3070
45 3002
45 1194
46 2554
46 2842
46 86
46 371
46 1457
46 2264
46 2154
46 1032
46 1724
46 2883
47 2746
47 1961
47 3048
47 1727
47 1395
47 1173
47 2990
47 2554
47 3050
47 2195
48 1559
48 2554
48 1727
48 2916
48 2746
48 2031
48 2061
48 371
48 86
48 1395
49 1173
49 3048
49 1727
49 1473
49 2479
49 2882
49 3012
49 2264
49 2379
49 2916
50 634
50 1811
50 1457
50 2288
50 1746
50 1601
50 2714
50 2664
50 652
50 626
51 371
51 1539
51 199
51 1559
51 2714
51 2417
51 168
51 2348
51 1560
51 2863
52 3070
52 371
52 1928
52 1366
52 2721
52 605
52 1783
52 1503
52 2318
52 2147
53 2714
53 569
53 514
53 139
53 1887
53 1501
53 1124
53 787
53 717
53 800
54 86
54 3170
54 2178
54 2264
54 1395
54 70
54 59
54 1725
54 2958
54 2746
55 1355
55 1162
55 1739
55 1898
55 1896
55 1395
55 70
55 1650
55 1725
55 1366
56 2554
56 1395
56 2264
56 86
56 1727
56 2842
56 2154
56 2746
56 1961
56 2889
57 1137
57 1539
57 842
57 1106
57 2782
57 956
57 2746
57 3170
57 2219
57 2227
58 371
58 1366
58 1631
58 70
58 1719
58 2525
58 1484
58 1344
58 3070
58 86
59 3046
59 3098
59 2484
59 28
59 1725
59 3134
59 1650
59 1438
59 1457
59 2978
60 3025
60 1518
60 2371
60 2379
60 190
60 2955
60 3070
60 2882
60 2318
60 3087
61 1725
61 2746
61 634
61 2437
61 3134
61 2359
61 1951
61 1233
61 2808
61 1727
62 3098
62 371
62 2608
62 2164
62 1373
62 3046
62 1762
62 249
62 1563
62 1866
63 371
63 1539
63 199
63 1559
63 2509
63 2417
63 1795
63 168
63 2426
63 860
64 371
64 2729
64 1390
64 866
64 602
64 1588
64 1957
64 1131
64 57
64 1878
