1 2371
1 190
1 1938
1 1657
1 2319
1 1304
1 2379
1 1440
1 704
1 398
2 597
2 847
2 2434
2 1305
2 1183
2 2863
2 2439
2 1625
2 1424
2 1215
3 249
3 929
3 2316
3 2603
3 2814
3 1466
3 1142
3 1138
3 1102
3 2066
4 3043
4 2844
4 403
4 2377
4 483
4 2895
4 3018
4 2706
4 2939
4 2436
5 1188
5 173
5 2964
5 1742
5 1435
5 3137
5 493
5 2003
5 2718
5 1101
6 438
6 2826
6 2417
6 705
6 704
6 2671
6 2502
6 888
6 887
6 1009
7 371
7 2007
7 1952
7 1796
7 1660
7 270
7 3166
7 2417
7 1374
7 1342
8 1461
8 1685
8 2830
8 2371
8 912
8 2776
8 3068
8 2625
8 1938
8 2690
9 1461
9 2578
9 3068
9 2690
9 25
9 1912
9 652
9 1685
9 2372
9 2405
10 249
10 2316
10 1795
10 2603
10 2814
10 1466
10 1142
10 1138
10 1102
10 141
11 2316
11 249
11 2208
11 2603
11 2814
11 1466
11 1142
11 1138
11 1102
11 2923
12 1461
12 3068
12 2690
12 25
12 2319
12 1912
12 652
12 1462
12 2867
12 2578
13 195
13 2748
13 2491
13 1362
13 2897
13 2508
13 31
13 2745
13 797
13 267
14 371
14 3011
14 2348
14 2007
14 1952
14 1873
14 1796
14 1660
14 853
14 307
15 2611
15 1231
15 2464
15 2835
15 307
15 820
15 2344
15 1191
15 507
15 2616
16 1461
16 855
16 2740
16 1076
16 307
16 2160
16 3068
16 2114
16 1226
16 2690
17 195
17 1757
17 2491
17 2748
17 1362
17 2897
17 31
17 2117
17 797
17 593
18 249
18 195
18 1795
18 2714
18 2491
18 2316
18 2897
18 1362
18 1988
18 2603
19 371
19 2007
19 1952
19 1796
19 1660
19 3166
19 2417
19 1374
19 1342
19 141
20 371
20 2630
20 2007
20 1952
20 1796
20 1660
20 3166
20 2506
20 2461
20 2417
21 371
21 2007
21 1952
21 1796
21 1660
21 3166
21 895
21 1659
21 3007
21 2508
22 2638
22 2637
22 2564
22 2441
22 2384
22 2473
22 371
22 2751
22 57
22 2503
23 371
23 2007
23 1952
23 1873
23 1796
23 1660
23 3166
23 2417
23 1374
23 1342
24 412
24 2844
24 268
24 3043
24 2376
24 2371
24 293
24 20
24 2342
24 927
25 2318
25 1374
25 436
25 2852
25 1938
25 57
25 1071
25 3136
25 2503
25 1653
26 1461
26 2578
26 2626
26 3068
26 2690
26 121
26 25
26 2319
26 3154
26 1912
27 1461
27 3011
27 2798
27 2852
27 155
27 2918
27 2818
27 3068
27 2319
27 2902
28 2949
28 3032
28 1685
28 2371
28 757
28 371
28 2890
28 2776
28 2614
28 517
29 1539
29 2089
29 1538
29 1537
29 2462
29 1840
29 626
29 2087
29 1933
29 1841
30 2690
30 1461
30 25
30 1912
30 652
30 2578
30 2405
30 1996
30 1360
30 651
31 195
31 1144
31 1952
31 1796
31 1660
31 1424
31 1251
31 3047
31 987
31 1106
32 2630
32 2461
32 2172
32 1481
32 371
32 2790
32 2430
32 3139
32 1563
32 2934
33 1501
33 1104
33 2043
33 1954
33 1404
33 2325
33 1782
33 2805
33 2778
33 85
34 1644
34 1524
34 1080
34 819
34 341
34 340
34 125
34 5
34 2676
34 2458
35 371
35 1539
35 2348
35 1941
35 199
35 2090
35 2509
35 2417
35 2415
35 2414
36 1539
36 2348
36 199
36 2061
36 2110
36 2509
36 1559
36 1131
36 1162
36 2042
37 2956
37 2651
37 2265
37 676
37 2371
37 2244
37 2243
37 457
37 2376
37 2406
38 2406
38 2651
38 2958
38 2956
38 3103
38 1359
38 2799
38 3031
38 1757
38 2141
39 2406
39 2651
39 249
39 2425
39 2316
39 2603
39 2956
39 2958
39 2814
39 1861
40 2406
40 249
40 2316
40 2603
40 2814
40 1466
40 1142
40 1138
40 1102
40 1098
41 2578
41 2690
41 1461
41 25
41 1912
41 652
41 2327
41 1754
41 2405
41 1996
42 2318
42 1374
42 436
42 204
42 57
42 678
42 2503
42 1653
42 859
42 362
43 2569
43 1554
43 866
43 525
43 57
43 1404
43 633
43 2503
43 1107
43 931
44 1404
44 525
44 2325
44 633
44 931
44 1823
44 1732
44 1141
44 1104
44 461
45 2318
45 2371
45 190
45 2114
45 2984
45 2319
45 3137
45 1267
45 1226
45 2311
46 1374
46 1457
46 634
46 891
46 329
46 2288
46 1136
46 651
46 1267
46 1653
47 2288
47 2070
47 275
47 798
47 634
47 891
47 2318
47 651
47 1937
47 2848
48 371
48 2509
48 1863
48 2510
48 2417
48 2223
48 1729
48 2431
48 2406
48 1842
49 651
49 652
49 239
49 2882
49 2852
49 3134
49 2690
49 1461
49 25
49 2288
50 634
50 2288
50 651
50 891
50 2714
50 2278
50 2070
50 275
50 3134
50 1457
51 371
51 2714
51 2007
51 1952
51 1796
51 1660
51 3075
51 3166
51 2417
51 2085
52 757
52 557
52 1207
52 1329
52 1208
52 3070
52 1366
52 238
52 1030
52 2725
53 569
53 514
53 139
53 1817
53 373
53 1887
53 2327
53 2981
53 1501
53 1707
54 2406
54 2814
54 1138
54 2958
54 920
54 394
54 2651
54 2155
54 2316
54 762
55 1898
55 1896
55 1355
55 1993
55 1739
55 249
55 2921
55 2316
55 2650
55 2603
56 2327
56 249
56 55
56 2316
56 2603
56 2814
56 1466
56 1142
56 1138
56 1102
57 1106
57 1137
57 604
57 195
57 190
57 3155
57 223
57 437
57 196
57 3077
58 371
58 190
58 69
58 1344
58 1631
58 2371
58 2379
58 2395
58 382
58 50
59 2437
59 2808
59 28
59 1162
59 1620
59 634
59 1441
59 292
59 891
59 1703
60 1532
60 2371
60 2882
60 1938
60 3011
60 2876
60 2690
60 2318
60 1461
60 190
61 634
61 2070
61 2288
61 2437
61 2114
61 239
61 2711
61 3134
61 651
61 891
62 2327
62 1961
62 3007
62 1648
62 141
62 2932
62 2790
62 2430
62 392
62 2714
63 371
63 2007
63 1952
63 1796
63 1660
63 3166
63 3061
63 1795
63 2417
63 1374
64 2513
64 1588
64 527
64 2168
64 793
64 627
64 1424
64 1024
64 1957
64 2772
