1 1938
1 2371
1 1071
1 190
1 2319
1 2379
1 2318
1 1657
1 1461
1 2311
2 740
2 356
2 136
2 597
2 1755
2 1345
2 847
2 2434
2 1305
2 1183
3 1162
3 1496
3 2652
3 1149
3 799
3 2406
3 1459
3 2971
3 249
3 205
4 2939
4 2376
4 3128
4 740
4 356
4 3101
4 1601
4 438
4 2371
4 1102
5 2003
5 1188
5 3011
5 2626
5 2546
5 1435
5 2105
5 1089
5 267
5 173
6 740
6 356
6 136
6 2417
6 1755
6 1256
6 859
6 402
6 2826
6 438
7 371
7 1559
7 1539
7 2509
7 2417
7 2348
7 740
7 356
7 199
7 2042
8 2371
8 1685
8 1938
8 2776
8 2625
8 1611
8 2951
8 1461
8 820
8 757
9 2371
9 1685
9 190
9 1938
9 2379
9 3068
9 2319
9 1461
9 2776
9 2311
10 1162
10 1306
10 2406
10 1496
10 1188
10 1262
10 1703
10 249
10 3198
10 1366
11 1162
11 2246
11 2406
11 2316
11 2208
11 1496
11 795
11 249
11 1188
11 1043
12 1461
12 190
12 2319
12 2379
12 1938
12 2371
12 3068
12 1591
12 2740
12 2796
13 195
13 2897
13 2748
13 2491
13 1795
13 2530
13 2351
13 1311
13 115
13 2559
14 2348
14 371
14 1559
14 1539
14 2417
14 2191
14 307
14 199
14 1980
14 1919
15 2351
15 115
15 1566
15 1231
15 2900
15 2397
15 1831
15 622
15 3085
15 3099
16 2114
16 2371
16 1226
16 2376
16 2740
16 1461
16 190
16 2319
16 2999
16 2452
17 2491
17 195
17 2897
17 1757
17 2079
17 1795
17 2748
17 2351
17 115
17 1566
18 1162
18 1496
18 1852
18 1613
18 2491
18 249
18 195
18 2652
18 2897
18 1149
19 371
19 1559
19 1539
19 2417
19 2348
19 199
19 2509
19 1560
19 2714
19 2042
20 371
20 1559
20 1539
20 2417
20 2348
20 199
20 2630
20 1961
20 2509
20 2506
21 371
21 1559
21 1539
21 2417
21 2348
21 199
21 2120
21 1980
21 1967
21 1919
22 371
22 2638
22 2637
22 2564
22 2441
22 2384
22 2473
22 1559
22 1539
22 2417
23 371
23 1559
23 1539
23 2417
23 2348
23 1941
23 1778
23 199
23 2509
23 2504
24 987
24 2999
24 141
24 1588
24 2727
24 1233
24 2912
24 1656
24 1251
24 528
25 2318
25 1938
25 2371
25 3070
25 2984
25 2319
25 2859
25 1951
25 1030
25 3136
26 2379
26 1461
26 190
26 2319
26 1938
26 2371
26 438
26 3128
26 1591
26 1304
27 2319
27 2798
27 1461
27 190
27 3011
27 2379
27 1938
27 2371
27 2740
27 2859
28 1685
28 3032
28 2776
28 740
28 356
28 371
28 2949
28 2614
28 2371
28 820
29 1539
29 371
29 2089
29 1538
29 1537
29 2462
29 1840
29 1268
29 1631
29 1841
30 190
30 1938
30 2371
30 2379
30 2311
30 1484
30 1304
30 398
30 1937
30 2955
31 3047
31 195
31 1686
31 1144
31 2125
31 1424
31 198
31 1251
31 1952
31 1796
32 3139
32 371
32 2630
32 2461
32 2172
32 1481
32 1504
32 1961
32 1559
32 2790
33 1501
33 2043
33 1954
33 1404
33 1104
33 2325
33 2805
33 1782
33 2778
33 559
34 1893
34 1667
34 1644
34 1633
34 2458
34 2291
34 2440
34 1763
34 640
34 503
35 371
35 1559
35 1539
35 2417
35 2348
35 199
35 2509
35 1560
35 1941
35 1221
36 371
36 1559
36 2110
36 1539
36 2061
36 2417
36 2348
36 199
36 1162
36 1350
37 2265
37 2651
37 2956
37 2376
37 676
37 3103
37 618
37 2244
37 2243
37 457
38 2651
38 2265
38 2956
38 3103
38 2958
38 2406
38 2939
38 2960
38 676
38 3105
39 2406
39 1861
39 2651
39 1162
39 2178
39 2956
39 2126
39 3105
39 3103
39 2958
40 2406
40 1162
40 2316
40 1588
40 1835
40 1496
40 249
40 1306
40 1253
40 1703
41 2371
41 190
41 1951
41 1938
41 3082
41 2914
41 1941
41 1778
41 2435
41 3137
42 2318
42 2231
42 2504
42 1374
42 436
42 192
42 204
42 1659
42 1144
42 1030
43 2504
43 1659
43 2569
43 866
43 57
43 1654
43 1525
43 1404
43 1644
43 2503
44 1404
44 931
44 2325
44 525
44 2523
44 2829
44 2504
44 1424
44 1106
44 1105
45 2318
45 2114
45 2319
45 3002
45 1951
45 3137
45 1938
45 2437
45 1226
45 1976
46 1457
46 891
46 1374
46 1746
46 329
46 634
46 2318
46 2990
46 2288
46 1267
47 2288
47 2318
47 2882
47 1938
47 651
47 2070
47 275
47 891
47 1032
47 798
48 371
48 1539
48 1559
48 2509
48 2417
48 2348
48 199
48 1863
48 2510
48 2223
49 190
49 1938
49 2371
49 651
49 2311
49 2070
49 275
49 3134
49 2882
49 2319
50 634
50 1811
50 2288
50 891
50 657
50 651
50 2714
50 2664
50 2278
50 2070
51 371
51 1559
51 1539
51 2714
51 2417
51 2348
51 199
51 2509
51 1560
51 2863
52 3070
52 2318
52 2862
52 2749
52 757
52 557
52 1928
52 1533
52 1912
52 1261
53 1887
53 569
53 514
53 139
53 2769
53 2981
53 2986
53 68
53 2608
53 1914
54 3170
54 2406
54 1162
54 3104
54 2939
54 2958
54 3103
54 2651
54 2842
54 2896
55 1898
55 1896
55 1739
55 1162
55 1355
55 1993
55 3064
55 2650
55 2406
55 1496
56 1162
56 2327
56 99
56 1253
56 1703
56 2406
56 1496
56 249
56 1
56 2842
57 1106
57 3077
57 3155
57 1137
57 223
57 2190
57 2814
57 2755
57 2573
57 2509
58 1631
58 1539
58 1559
58 371
58 2098
58 2509
58 1920
58 1779
58 1344
58 1864
59 3098
59 852
59 2905
59 3046
59 2596
59 2000
59 1116
59 2107
59 2569
59 2408
60 2371
60 190
60 2318
60 1938
60 2379
60 2955
60 1518
60 2319
60 2311
60 3011
61 634
61 2114
61 911
61 849
61 3098
61 3134
61 2437
61 2018
61 2288
61 2070
62 2214
62 1961
62 2327
62 1887
62 1998
62 3007
62 2664
62 1648
62 1424
62 1268
63 371
63 1559
63 1539
63 2417
63 2348
63 199
63 2509
63 1560
63 2714
63 2042
64 2513
64 527
64 1588
64 2168
64 2857
64 1972
64 1957
64 1424
64 793
64 627
