1 1938
1 1071
1 2371
1 1461
1 2379
1 2319
1 1657
1 190
1 3068
1 1440
2 740
2 1364
2 3059
2 356
2 335
2 727
2 204
2 47
2 2434
2 526
3 1496
3 2652
3 1162
3 929
3 799
3 1149
3 2264
3 637
3 205
3 187
4 2939
4 3059
4 3128
4 1601
4 1588
4 438
4 2342
4 2377
4 2376
4 648
5 2003
5 2321
5 1188
5 2985
5 1829
5 2716
5 3059
5 3011
5 2357
5 1435
6 740
6 356
6 136
6 2826
6 3035
6 438
6 1755
6 1383
6 248
6 1867
7 740
7 356
7 1353
7 2376
7 3059
7 3170
7 1951
7 371
7 3082
7 3104
8 1685
8 2776
8 2371
8 820
8 2625
8 2951
8 1611
8 757
8 666
8 1261
9 1685
9 2776
9 2371
9 3158
9 3068
9 820
9 1261
9 2951
9 757
9 2870
10 1162
10 1795
10 141
10 1262
10 1496
10 1302
10 392
10 249
10 2664
10 2685
11 1903
11 1872
11 2246
11 2699
11 2906
11 1162
11 795
11 81
11 1043
11 2923
12 1461
12 3127
12 379
12 2740
12 190
12 2379
12 3068
12 2796
12 1930
12 2319
13 1795
13 2897
13 2530
13 2748
13 2491
13 797
13 31
13 115
13 1311
13 1566
14 1724
14 2397
14 648
14 563
14 132
14 3011
14 2964
14 863
14 2348
14 2563
15 115
15 1566
15 2351
15 622
15 1231
15 2257
15 1831
15 2397
15 1719
15 1795
16 2114
16 1461
16 1724
16 2376
16 2452
16 855
16 394
16 3141
16 3114
16 1959
17 1757
17 2491
17 2079
17 2897
17 1795
17 31
17 1566
17 626
17 115
17 2748
18 1757
18 1613
18 1496
18 1795
18 1811
18 249
18 1162
18 799
18 2079
18 2491
19 141
19 392
19 2714
19 2664
19 1795
19 1302
19 1539
19 371
19 199
19 1262
20 2172
20 2442
20 2461
20 1481
20 2506
20 1961
20 3139
20 2170
20 2619
20 749
21 555
21 371
21 810
21 520
21 172
21 3007
21 1943
21 876
21 425
21 2214
22 2638
22 2441
22 2384
22 2637
22 2564
22 2473
22 3049
22 2751
22 3059
22 2827
23 2914
23 2212
23 1778
23 711
23 371
23 1941
23 1081
23 1987
23 1944
23 1569
24 268
24 1696
24 2844
24 987
24 1656
24 412
24 394
24 293
24 2999
24 528
25 2318
25 1374
25 3070
25 3048
25 1653
25 2984
25 1719
25 1518
25 1030
25 2862
26 438
26 1338
26 1461
26 2626
26 3128
26 2256
26 1102
26 2578
26 2379
26 379
27 2798
27 3011
27 1461
27 155
27 2669
27 1725
27 2918
27 2481
27 2740
27 2985
28 1685
28 2776
28 3032
28 2890
28 383
28 820
28 2849
28 2949
28 1611
28 2197
29 1539
29 1538
29 1537
29 610
29 513
29 377
29 2462
29 2089
29 1840
29 1094
30 195
30 190
30 1461
30 1137
30 2144
30 1938
30 1256
30 2909
30 953
30 850
31 3047
31 1327
31 1144
31 2826
31 2125
31 1686
31 2829
31 1803
31 3059
31 2525
32 3139
32 2619
32 2172
32 1563
32 2630
32 2461
32 1481
32 1961
32 2790
32 2430
33 1559
33 2043
33 1954
33 2554
33 2805
33 1404
33 2548
33 1501
33 2778
33 70
34 1893
34 1667
34 2291
34 1644
34 2458
34 640
34 1633
34 1763
34 503
34 1524
35 3007
35 2090
35 371
35 769
35 64
35 206
35 2414
35 1474
35 2714
35 393
36 1265
36 2061
36 1131
36 2476
36 2110
36 2084
36 1350
36 1737
36 680
36 1162
37 2265
37 2651
37 2376
37 2956
37 2958
37 3048
37 1727
37 2264
37 2195
37 1719
38 3059
38 1727
38 1569
38 2714
38 2265
38 2939
38 2061
38 2470
38 676
38 2958
39 2651
39 2406
39 2178
39 2956
39 2265
39 1162
39 2958
39 1861
39 2937
39 3105
40 1588
40 2406
40 1162
40 2937
40 2316
40 2651
40 3198
40 1140
40 1485
40 1455
41 2914
41 1951
41 3082
41 2212
41 2371
41 3137
41 2649
41 1778
41 711
41 3119
42 204
42 2231
42 1374
42 2318
42 2494
42 1653
42 633
42 1620
42 436
42 1335
43 2569
43 2977
43 1404
43 3046
43 2924
43 3098
43 1182
43 1594
43 1528
43 1554
44 2523
44 2829
44 1404
44 2325
44 931
44 1141
44 1732
44 633
44 525
44 1106
45 2114
45 2816
45 2437
45 1976
45 2318
45 1951
45 2493
45 3002
45 2876
45 2882
46 1457
46 329
46 2978
46 723
46 1032
46 1653
46 2990
46 2494
46 1374
46 3134
47 2882
47 2726
47 2288
47 1032
47 2990
47 3134
47 2318
47 1457
47 2848
47 2598
48 1559
48 2417
48 1296
48 129
48 2122
48 1005
48 1539
48 152
48 140
48 1353
49 2882
49 2288
49 3134
49 3059
49 651
49 634
49 275
49 18
49 3012
49 2311
50 634
50 1811
50 2288
50 2714
50 1457
50 651
50 275
50 2664
50 2070
50 657
51 1811
51 2714
51 371
51 1924
51 1613
51 2664
51 3075
51 2863
51 3006
51 2862
52 3070
52 2721
52 1928
52 557
52 1366
52 2318
52 3048
52 605
52 1261
52 2862
53 569
53 514
53 139
53 2714
53 1887
53 2981
53 800
53 1501
53 503
53 1817
54 3170
54 2958
54 2842
54 3133
54 2178
54 2264
54 1496
54 2651
54 2939
54 2227
55 1355
55 1898
55 1896
55 1739
55 1993
55 3064
55 2998
55 2650
55 2921
55 1162
56 2327
56 2842
56 1395
56 2645
56 1856
56 1703
56 2165
56 99
56 2061
56 1678
57 1137
57 3077
57 1106
57 437
57 1
57 1132
57 196
57 3140
57 259
57 1246
58 1631
58 2098
58 1344
58 1779
58 1987
58 1986
58 1944
58 840
58 2418
58 1411
59 28
59 3046
59 2905
59 944
59 2978
59 2484
59 1725
59 1438
59 3098
59 626
60 1532
60 1518
60 2876
60 1685
60 2882
60 3025
60 3087
60 2424
60 2371
60 2379
61 634
61 2114
61 1287
61 2711
61 3134
61 849
61 3129
61 2494
61 1830
61 1207
62 1961
62 2214
62 1648
62 1819
62 1424
62 2608
62 2336
62 2664
62 1762
62 1368
63 371
63 1795
63 2714
63 141
63 1302
63 392
63 2685
63 860
63 2664
63 1262
64 2651
64 1588
64 2729
64 1878
64 527
64 2144
64 3059
64 2513
64 2756
64 1895
