1 1938
1 2371
1 2319
1 190
1 1657
1 1071
1 1440
1 2379
1 704
1 971
2 2434
2 2863
2 597
2 847
2 3078
2 1305
2 1183
2 1867
2 2439
2 1625
3 929
3 249
3 1304
3 2316
3 2066
3 77
3 2603
3 2551
3 1521
3 62
4 2844
4 3043
4 483
4 2377
4 2870
4 2939
4 2376
4 2371
4 2895
4 403
5 2960
5 1188
5 173
5 1742
5 2964
5 1435
5 2003
5 3137
5 493
5 2508
6 438
6 2826
6 2417
6 705
6 704
6 2671
6 888
6 887
6 530
6 1009
7 371
7 3043
7 2007
7 1952
7 1796
7 1660
7 270
7 3166
7 2417
7 1374
8 1685
8 2830
8 912
8 1461
8 2371
8 2776
8 2625
8 820
8 8
8 1869
9 1461
9 1685
9 2578
9 3068
9 2371
9 2372
9 2776
9 2690
9 25
9 820
10 249
10 1795
10 141
10 2316
10 2603
10 392
10 2814
10 1466
10 1142
10 1138
11 2208
11 2316
11 249
11 2603
11 2923
11 2814
11 1466
11 1142
11 1138
11 1102
12 1461
12 3127
12 3068
12 2319
12 1462
12 2796
12 1069
12 2867
12 2690
12 25
13 195
13 2748
13 2491
13 1362
13 2508
13 2897
13 31
13 267
13 2611
13 2745
14 371
14 2348
14 853
14 3011
14 307
14 1724
14 2563
14 701
14 662
14 132
15 2611
15 1231
15 2464
15 2835
15 307
15 820
15 2344
15 1191
15 507
15 2616
16 1461
16 307
16 1076
16 2740
16 428
16 395
16 1191
16 507
16 855
16 1950
17 195
17 1757
17 2491
17 2748
17 1362
17 2897
17 31
17 2611
17 1231
17 797
18 249
18 195
18 2714
18 1795
18 2156
18 1988
18 2491
18 2897
18 1811
18 141
19 371
19 141
19 2007
19 1952
19 1796
19 1660
19 392
19 2714
19 1795
19 3166
20 371
20 2506
20 2630
20 2442
20 1563
20 2461
20 2172
20 1481
20 2199
20 956
21 371
21 895
21 1659
21 3007
21 2508
21 2504
21 3166
21 2007
21 1952
21 1796
22 2638
22 2637
22 2564
22 2441
22 2384
22 2473
22 2751
22 266
22 371
22 87
23 371
23 2578
23 1873
23 1105
23 72
23 3166
23 2007
23 1952
23 1796
23 1660
24 268
24 412
24 1696
24 3043
24 2844
24 2376
24 2371
24 2342
24 20
24 293
25 1374
25 2318
25 436
25 1938
25 1653
25 1177
25 1128
25 1093
25 819
25 742
26 1461
26 2626
26 2578
26 2844
26 3068
26 121
26 483
26 2870
26 2319
26 3154
27 3011
27 1461
27 2798
27 155
27 2852
27 2319
27 2918
27 2902
27 3068
27 2502
28 3032
28 2949
28 1685
28 2890
28 2371
28 757
28 2849
28 2776
28 2614
28 517
29 1539
29 2089
29 1538
29 1537
29 2462
29 1840
29 1841
29 1933
29 804
29 371
30 1256
30 953
30 2690
30 1461
30 25
30 1912
30 652
30 2882
30 2578
30 2405
31 195
31 3047
31 1144
31 1952
31 1796
31 1660
31 2415
31 1327
31 2826
31 1251
32 2630
32 2461
32 2172
32 1481
32 2790
32 2430
32 1839
32 3139
32 2934
32 2161
33 2043
33 1954
33 1501
33 2548
33 1104
33 2805
33 2325
33 2778
33 2335
33 1662
34 1644
34 1949
34 5
34 1524
34 1803
34 1440
34 1080
34 819
34 341
34 340
35 2090
35 3007
35 371
35 2414
35 1941
35 1474
35 1644
35 55
35 1386
35 393
36 1131
36 2061
36 2110
36 1265
36 2476
36 1350
36 2084
36 1737
36 1162
36 1020
37 2265
37 2956
37 2376
37 676
37 2651
37 2244
37 2243
37 457
37 618
37 549
38 24
38 2958
38 2651
38 3103
38 463
38 483
38 2956
38 583
38 1569
38 2406
39 2406
39 2425
39 2651
39 249
39 602
39 1861
39 2316
39 3103
39 2958
39 2956
40 249
40 2406
40 2316
40 2603
40 2814
40 1466
40 1142
40 1138
40 1102
40 920
41 2578
41 2327
41 3043
41 1780
41 3082
41 2371
41 3148
41 3137
41 2690
41 1461
42 204
42 1374
42 2318
42 436
42 2231
42 1653
42 633
42 2789
42 2641
42 2215
43 2569
43 847
43 1554
43 3107
43 866
43 3098
43 633
43 2847
43 1404
43 204
44 2829
44 1404
44 2325
44 525
44 633
44 1823
44 1732
44 1141
44 1104
44 2523
45 2318
45 2114
45 1952
45 1796
45 1660
45 1976
45 2984
45 2964
45 2371
45 3137
46 1374
46 1457
46 723
46 329
46 634
46 2288
46 2327
46 891
46 1136
46 2990
47 2288
47 634
47 2848
47 891
47 798
47 2070
47 275
47 2318
47 651
47 953
48 371
48 2325
48 2509
48 3010
48 2007
48 1952
48 1796
48 1660
48 2417
48 3166
49 651
49 652
49 2882
49 239
49 2288
49 3134
49 634
49 2852
49 891
49 2690
50 2714
50 634
50 2288
50 651
50 891
50 2278
50 2070
50 275
50 1811
50 141
51 2714
51 371
51 2085
51 2022
51 3075
51 1811
51 141
51 2872
51 3006
51 3156
52 757
52 557
52 1207
52 1329
52 1208
52 3070
52 1366
52 238
52 2721
52 1030
53 569
53 514
53 139
53 2981
53 1817
53 2613
53 2327
53 373
53 1887
53 453
54 2958
54 2295
54 309
54 308
54 307
54 3104
54 2406
54 2155
54 2814
54 1138
55 1898
55 1896
55 1355
55 1993
55 1739
55 2921
55 2650
55 249
55 3064
55 2316
56 2327
56 55
56 1898
56 1896
56 1678
56 249
56 1355
56 2316
56 1993
56 99
57 3077
57 1106
57 1137
57 196
57 437
57 1132
57 209
57 176
57 1
57 3140
58 69
58 1344
58 1631
58 2395
58 382
58 50
58 1816
58 1578
58 2825
58 2351
59 661
59 137
59 2437
59 28
59 2808
59 634
59 2288
59 653
59 1620
59 891
60 1532
60 2876
60 2967
60 2976
60 2593
60 3011
60 2371
60 2882
60 2816
60 2318
61 634
61 1287
61 2070
61 2114
61 2711
61 2288
61 239
61 3129
61 1830
61 2437
62 1961
62 1648
62 2790
62 2430
62 2327
62 3007
62 141
62 2932
62 2057
62 392
63 371
63 1795
63 141
63 3061
63 2007
63 1952
63 1796
63 1660
63 3166
63 392
64 2651
64 2513
64 1588
64 527
64 2168
64 793
64 627
64 1424
64 1024
64 1957
