1 1938
1 2371
1 1071
1 2319
1 190
1 1657
1 1440
1 2151
1 1572
1 2379
2 740
2 356
2 136
2 2434
2 2863
2 597
2 1755
2 1345
2 847
2 3078
3 1496
3 1162
3 2652
3 799
3 1149
3 1304
3 3189
3 929
3 187
3 205
4 2939
4 2376
4 740
4 356
4 3128
4 438
4 136
4 1102
4 3101
4 1601
5 3011
5 2003
5 2321
5 3144
5 2716
5 1829
5 1188
5 2985
5 267
5 1675
6 740
6 356
6 136
6 438
6 2417
6 2826
6 859
6 1755
6 1256
6 402
7 740
7 356
7 2376
7 136
7 3170
7 3104
7 2912
7 1951
7 2914
7 371
8 1685
8 2371
8 2776
8 2625
8 1611
8 2951
8 820
8 757
8 2949
8 828
9 1685
9 2371
9 2776
9 3158
9 3068
9 820
9 757
9 2870
9 2949
9 2951
10 1162
10 1262
10 2664
10 141
10 1795
10 392
10 2406
10 2714
10 1306
10 1496
11 1162
11 2208
11 2246
11 1043
11 795
11 2699
11 2923
11 2717
11 2906
11 2316
12 3127
12 1461
12 2319
12 2379
12 190
12 1930
12 3068
12 379
12 2740
12 1938
13 195
13 2897
13 2748
13 2491
13 1795
13 2530
13 2351
13 115
13 1566
13 2559
14 2348
14 3011
14 2964
14 2397
14 866
14 863
14 861
14 2191
14 307
14 1724
15 2351
15 115
15 1566
15 1231
15 2900
15 2397
15 1831
15 622
15 3085
15 2897
16 2114
16 2376
16 849
16 3141
16 394
16 1226
16 2452
16 3114
16 1210
16 3129
17 2491
17 195
17 2897
17 1757
17 1795
17 2079
17 2748
17 2351
17 115
17 1566
18 1162
18 1613
18 1811
18 1852
18 195
18 1496
18 2491
18 799
18 2714
18 249
19 2714
19 2664
19 141
19 392
19 371
19 1795
19 950
19 1262
19 2896
19 1601
20 2506
20 2442
20 2170
20 2630
20 1961
20 2461
20 2172
20 1481
20 2199
20 3139
21 555
21 3007
21 2214
21 1037
21 878
21 764
21 1268
21 810
21 520
21 2061
22 2638
22 2637
22 2564
22 2441
22 2384
22 2473
22 2751
22 2827
22 740
22 356
23 2914
23 1941
23 1778
23 2212
23 1987
23 1944
23 1081
23 711
23 1431
23 1951
24 268
24 1696
24 2844
24 987
24 1233
24 2999
24 141
24 1588
24 2727
24 293
25 2318
25 1374
25 1938
25 3070
25 1620
25 2862
25 2984
25 3048
25 2859
25 436
26 1338
26 438
26 3128
26 2626
26 2256
26 2379
26 1461
26 1102
26 2319
26 2376
27 3011
27 2798
27 2918
27 2319
27 1725
27 1461
27 155
27 2902
27 2669
27 2859
28 1685
28 3032
28 2776
28 2949
28 2890
28 2371
28 820
28 757
28 383
28 2849
29 1539
29 610
29 513
29 377
29 2089
29 1538
29 1537
29 2770
29 2462
29 1840
30 1938
30 190
30 850
30 2371
30 1256
30 1137
30 953
30 1856
30 1937
30 1213
31 195
31 3047
31 2125
31 1686
31 2826
31 1144
31 1327
31 1952
31 1796
31 1660
32 3139
32 2619
32 2630
32 2461
32 2172
32 1481
32 1563
32 1961
32 2790
32 2430
33 2043
33 1954
33 1501
33 559
33 2805
33 2778
33 2335
33 1662
33 1559
33 1617
34 1893
34 1667
34 1633
34 2458
34 2291
34 1644
34 2440
34 1763
34 640
34 503
35 1474
35 2090
35 206
35 1941
35 3007
35 2414
35 393
35 1644
35 371
35 1221
36 1131
36 2061
36 1265
36 2110
36 1350
36 2084
36 2476
36 1162
36 1737
36 680
37 2376
37 2265
37 2956
37 2651
37 676
37 618
37 2244
37 2243
37 457
37 3103
38 2265
38 2651
38 3103
38 2939
38 2958
38 2956
38 3100
38 2960
38 483
38 1737
39 2406
39 1861
39 2651
39 2178
39 2956
39 3103
39 1162
39 2425
39 2958
39 2265
40 1162
40 2406
40 1588
40 2316
40 1835
40 2651
40 1496
40 249
40 1485
40 1306
41 2914
41 2371
41 1951
41 2212
41 3082
41 1941
41 1778
41 3137
41 2649
41 1987
42 2231
42 204
42 1374
42 2318
42 2494
42 1620
42 436
42 2545
42 633
42 2215
43 2569
43 2977
43 3107
43 1554
43 1182
43 3098
43 1594
43 1528
43 2847
43 1404
44 2523
44 2829
44 1404
44 2325
44 931
44 1424
44 525
44 633
44 1823
44 1732
45 2114
45 1976
45 2816
45 2318
45 2437
45 2493
45 1951
45 3002
45 2319
45 2964
46 1457
46 1374
46 891
46 2978
46 2288
46 2327
46 723
46 329
46 2114
46 2990
47 2288
47 2882
47 651
47 891
47 2318
47 634
47 2726
47 1032
47 2848
47 2070
48 1005
48 1539
48 2509
48 371
48 1559
48 3010
48 1863
48 2611
48 2510
48 2223
49 2288
49 651
49 190
49 2070
49 275
49 3134
49 2882
49 798
49 891
49 634
50 1811
50 2714
50 2288
50 634
50 2664
50 891
50 1613
50 657
50 651
50 2278
51 2714
51 1811
51 2664
51 1613
51 1924
51 3075
51 2863
51 1825
51 2085
51 2022
52 3070
52 2318
52 2721
52 757
52 557
52 2749
52 2862
52 1912
52 1928
52 1030
53 569
53 514
53 139
53 1887
53 2981
53 1817
53 2769
53 2327
53 68
53 640
54 3170
54 3133
54 2958
54 2939
54 3104
54 2406
54 2842
54 652
54 207
54 2178
55 1898
55 1896
55 1355
55 1739
55 1993
55 2650
55 2921
55 3064
55 2998
55 1162
56 2327
56 99
56 1162
56 55
56 1898
56 1896
56 1253
56 1
56 1355
56 1678
57 3077
57 1106
57 1137
57 196
57 1
57 437
57 1132
57 209
57 2939
57 3140
58 1631
58 1344
58 2098
58 2395
58 69
58 1411
58 1920
58 1779
58 2139
58 1474
59 3098
59 2905
59 2107
59 1725
59 2781
59 1976
59 3134
59 1116
59 2033
59 852
60 2371
60 1532
60 2876
60 2318
60 3011
60 1518
60 2882
60 1685
60 190
60 2955
61 634
61 2114
61 849
61 911
61 1830
61 1287
61 2288
61 3129
61 2018
61 3134
62 1961
62 2214
62 1424
62 1648
62 2327
62 2790
62 2430
62 2664
62 141
62 2975
63 2714
63 2664
63 141
63 1795
63 392
63 2781
63 371
63 950
63 1262
63 2685
64 2651
64 2513
64 527
64 1588
64 2168
64 2857
64 1972
64 1957
64 1424
64 793
